{
 "cells": [
  {
   "cell_type": "code",
   "execution_count": 9,
   "id": "7b68371d-b982-4874-a2cb-a177894ef134",
   "metadata": {},
   "outputs": [
    {
     "name": "stdout",
     "output_type": "stream",
     "text": [
      "[('of', 271), ('the', 200), ('and', 121), ('in', 120), ('a', 89), ('to', 72), ('were', 70), ('with', 69), ('was', 56), ('for', 49)]\n"
     ]
    }
   ],
   "source": [
    "import nltk\n",
    "import string\n",
    "\n",
    "from collections import Counter\n",
    "\n",
    "def get_tokens():\n",
    "   with open('test-txt-search/1-s2.0-S8756328205000050-main.txt', 'r') as shakes:\n",
    "    text = shakes.read()\n",
    "    lowers = text.lower()\n",
    "    #remove the punctuation using the character deletion step of translate\n",
    "    translating = str.maketrans('', '', string.punctuation)\n",
    "    no_punctuation = lowers.translate(translating)\n",
    "    tokens = nltk.word_tokenize(no_punctuation)\n",
    "    return tokens\n",
    "\n",
    "tokens = get_tokens()\n",
    "count = Counter(tokens)\n",
    "print(count.most_common(10))"
   ]
  },
  {
   "cell_type": "code",
   "execution_count": 10,
   "id": "2e61ab55-d7a9-41f1-bfbc-6b5aa445df01",
   "metadata": {},
   "outputs": [
    {
     "name": "stderr",
     "output_type": "stream",
     "text": [
      "[nltk_data] Downloading package stopwords to\n",
      "[nltk_data]     /Users/rditljej/nltk_data...\n",
      "[nltk_data]   Package stopwords is already up-to-date!\n"
     ]
    },
    {
     "name": "stdout",
     "output_type": "stream",
     "text": [
      "[('infection', 45), ('bone', 45), ('application', 44), ('systemic', 43), ('gentamicin', 41), ('animals', 34), ('j', 32), ('surgery', 31), ('implants', 31), ('groups', 31), ('antibiotic', 28), ('local', 25), ('prophylaxis', 24), ('1', 23), ('body', 19), ('osteomyelitis', 18), ('aureus', 18), ('al', 18), ('group', 18), ('2', 18), ('10', 17), ('implant', 17), ('study', 16), ('germany', 15), ('coating', 15), ('treated', 15), ('bacterial', 15), ('et', 15), ('b', 14), ('r', 14), ('g', 14), ('wires', 13), ('uncoated', 13), ('cultures', 13), ('sterile', 13), ('score', 13), ('pdlla', 12), ('kirschner', 12), ('coated', 12), ('tissue', 12), ('lucke', 12), ('iv', 12), ('2005', 11), ('titanium', 11), ('weight', 11), ('36', 11), ('blood', 11), ('h', 11), ('ii', 11), ('iii', 11), ('orthopedic', 10), ('antibiotics', 10), ('determined', 10), ('formation', 10), ('new', 10), ('f', 10), ('v', 10), ('c', 9), ('24', 9), ('30', 9), ('could', 9), ('770–778', 9), ('culture', 9), ('levels', 9), ('joint', 9), ('vi', 9), ('chemother', 9), ('implantrelated', 8), ('model', 8), ('applied', 8), ('min', 8), ('clinical', 8), ('bacteria', 8), ('100', 8), ('animal', 8), ('5', 8), ('radiographic', 8), ('fig', 8), ('signs', 8), ('gentamicincoated', 8), ('clin', 8), ('received', 7), ('administration', 7), ('perioperative', 7), ('efficacy', 7), ('medullary', 7), ('tibiae', 7), ('following', 7), ('surgical', 7), ('present', 7), ('used', 7), ('3', 7), ('7', 7), ('growth', 7), ('4', 7), ('serum', 7), ('0', 7), ('three', 7), ('6', 7), ('parameters', 7)]\n"
     ]
    }
   ],
   "source": [
    "from nltk.corpus import stopwords\n",
    "nltk.download('stopwords')\n",
    "\n",
    "\n",
    "tokens = get_tokens()\n",
    "filtered = [w for w in tokens if not w in stopwords.words('english')]\n",
    "count = Counter(filtered)\n",
    "print(count.most_common(100))"
   ]
  },
  {
   "cell_type": "code",
   "execution_count": 11,
   "id": "605b5e5f-e666-4655-b043-929faba199af",
   "metadata": {},
   "outputs": [
    {
     "name": "stdout",
     "output_type": "stream",
     "text": [
      "[('infect', 59), ('implant', 53), ('system', 50), ('group', 49), ('bone', 47), ('applic', 45), ('anim', 42), ('gentamicin', 41), ('antibiot', 39), ('j', 32), ('surgeri', 31), ('local', 28), ('coat', 27), ('cultur', 25), ('prophylaxi', 24), ('1', 23), ('bodi', 20), ('score', 19), ('osteomyel', 18), ('aureu', 18), ('use', 18), ('al', 18), ('2', 18), ('10', 17), ('studi', 17), ('wire', 16), ('determin', 16), ('treat', 16), ('germani', 15), ('bacteri', 15), ('et', 15), ('b', 14), ('r', 14), ('g', 14), ('prevent', 14), ('effect', 14), ('uncoat', 13), ('steril', 13), ('rat', 12), ('orthoped', 12), ('pdlla', 12), ('kirschner', 12), ('tissu', 12), ('luck', 12), ('iv', 12), ('2005', 11), ('titanium', 11), ('follow', 11), ('weight', 11), ('36', 11), ('blood', 11), ('radiograph', 11), ('h', 11), ('ii', 11), ('iii', 11), ('model', 10), ('administr', 10), ('evalu', 10), ('compar', 10), ('histolog', 10), ('develop', 10), ('format', 10), ('new', 10), ('level', 10), ('observ', 10), ('joint', 10), ('f', 10), ('v', 10), ('c', 9), ('24', 9), ('appli', 9), ('30', 9), ('tibia', 9), ('xray', 9), ('could', 9), ('rang', 9), ('770–778', 9), ('assess', 9), ('fig', 9), ('vi', 9), ('kwire', 9), ('chemoth', 9), ('implantrel', 8), ('periop', 8), ('min', 8), ('day', 8), ('clinic', 8), ('bacteria', 8), ('present', 8), ('100', 8), ('coloni', 8), ('5', 8), ('paramet', 8), ('sign', 8), ('statist', 8), ('differ', 8), ('gentamicinco', 8), ('clin', 8), ('microbiolog', 7), ('receiv', 7)]\n"
     ]
    }
   ],
   "source": [
    "\n",
    "\n",
    "from nltk.stem.porter import *\n",
    "\n",
    "def stem_tokens(tokens, stemmer):\n",
    "    stemmed = []\n",
    "    for item in tokens:\n",
    "        stemmed.append(stemmer.stem(item))\n",
    "    return stemmed\n",
    "\n",
    "stemmer = PorterStemmer()\n",
    "stemmed = stem_tokens(filtered, stemmer)\n",
    "count = Counter(stemmed)\n",
    "print(count.most_common(100))\n",
    "\n"
   ]
  },
  {
   "cell_type": "code",
   "execution_count": 3,
   "id": "309fe171-432e-4567-8d66-8955c8607463",
   "metadata": {},
   "outputs": [],
   "source": [
    "import nltk\n",
    "import string\n",
    "import os\n",
    "\n",
    "from sklearn.feature_extraction.text import TfidfVectorizer\n",
    "from nltk.stem.porter import PorterStemmer\n",
    "\n",
    "path = 'test-txt-search/'\n",
    "token_dict = {}\n",
    "stemmer = PorterStemmer()\n",
    "\n",
    "def stem_tokens(tokens, stemmer):\n",
    "    stemmed = []\n",
    "    for item in tokens:\n",
    "        stemmed.append(stemmer.stem(item))\n",
    "    return stemmed\n",
    "\n",
    "def tokenize(text):\n",
    "    tokens = nltk.word_tokenize(text)\n",
    "    stems = stem_tokens(tokens, stemmer)\n",
    "    return stems\n",
    "\n",
    "for subdir, dirs, files in os.walk(path):\n",
    "    for file in files:\n",
    "        file_path = subdir + os.path.sep + file\n",
    "        shakes = open(file_path, 'r', encoding=\"utf-8\")\n",
    "        text = shakes.read()\n",
    "        lowers = text.lower()\n",
    "        translating = str.maketrans('', '', string.punctuation)\n",
    "        no_punctuation = lowers.translate(translating)\n",
    "        token_dict[file] = no_punctuation\n",
    "        \n",
    "#this can take some time\n",
    "tfidf = TfidfVectorizer(tokenizer=tokenize, stop_words='english')\n",
    "tfs = tfidf.fit_transform(token_dict.values())"
   ]
  },
  {
   "cell_type": "code",
   "execution_count": 4,
   "id": "7737d5cf-a430-4f62-920a-d1209e912d10",
   "metadata": {},
   "outputs": [
    {
     "data": {
      "text/html": [
       "<style>#sk-container-id-1 {color: black;}#sk-container-id-1 pre{padding: 0;}#sk-container-id-1 div.sk-toggleable {background-color: white;}#sk-container-id-1 label.sk-toggleable__label {cursor: pointer;display: block;width: 100%;margin-bottom: 0;padding: 0.3em;box-sizing: border-box;text-align: center;}#sk-container-id-1 label.sk-toggleable__label-arrow:before {content: \"▸\";float: left;margin-right: 0.25em;color: #696969;}#sk-container-id-1 label.sk-toggleable__label-arrow:hover:before {color: black;}#sk-container-id-1 div.sk-estimator:hover label.sk-toggleable__label-arrow:before {color: black;}#sk-container-id-1 div.sk-toggleable__content {max-height: 0;max-width: 0;overflow: hidden;text-align: left;background-color: #f0f8ff;}#sk-container-id-1 div.sk-toggleable__content pre {margin: 0.2em;color: black;border-radius: 0.25em;background-color: #f0f8ff;}#sk-container-id-1 input.sk-toggleable__control:checked~div.sk-toggleable__content {max-height: 200px;max-width: 100%;overflow: auto;}#sk-container-id-1 input.sk-toggleable__control:checked~label.sk-toggleable__label-arrow:before {content: \"▾\";}#sk-container-id-1 div.sk-estimator input.sk-toggleable__control:checked~label.sk-toggleable__label {background-color: #d4ebff;}#sk-container-id-1 div.sk-label input.sk-toggleable__control:checked~label.sk-toggleable__label {background-color: #d4ebff;}#sk-container-id-1 input.sk-hidden--visually {border: 0;clip: rect(1px 1px 1px 1px);clip: rect(1px, 1px, 1px, 1px);height: 1px;margin: -1px;overflow: hidden;padding: 0;position: absolute;width: 1px;}#sk-container-id-1 div.sk-estimator {font-family: monospace;background-color: #f0f8ff;border: 1px dotted black;border-radius: 0.25em;box-sizing: border-box;margin-bottom: 0.5em;}#sk-container-id-1 div.sk-estimator:hover {background-color: #d4ebff;}#sk-container-id-1 div.sk-parallel-item::after {content: \"\";width: 100%;border-bottom: 1px solid gray;flex-grow: 1;}#sk-container-id-1 div.sk-label:hover label.sk-toggleable__label {background-color: #d4ebff;}#sk-container-id-1 div.sk-serial::before {content: \"\";position: absolute;border-left: 1px solid gray;box-sizing: border-box;top: 0;bottom: 0;left: 50%;z-index: 0;}#sk-container-id-1 div.sk-serial {display: flex;flex-direction: column;align-items: center;background-color: white;padding-right: 0.2em;padding-left: 0.2em;position: relative;}#sk-container-id-1 div.sk-item {position: relative;z-index: 1;}#sk-container-id-1 div.sk-parallel {display: flex;align-items: stretch;justify-content: center;background-color: white;position: relative;}#sk-container-id-1 div.sk-item::before, #sk-container-id-1 div.sk-parallel-item::before {content: \"\";position: absolute;border-left: 1px solid gray;box-sizing: border-box;top: 0;bottom: 0;left: 50%;z-index: -1;}#sk-container-id-1 div.sk-parallel-item {display: flex;flex-direction: column;z-index: 1;position: relative;background-color: white;}#sk-container-id-1 div.sk-parallel-item:first-child::after {align-self: flex-end;width: 50%;}#sk-container-id-1 div.sk-parallel-item:last-child::after {align-self: flex-start;width: 50%;}#sk-container-id-1 div.sk-parallel-item:only-child::after {width: 0;}#sk-container-id-1 div.sk-dashed-wrapped {border: 1px dashed gray;margin: 0 0.4em 0.5em 0.4em;box-sizing: border-box;padding-bottom: 0.4em;background-color: white;}#sk-container-id-1 div.sk-label label {font-family: monospace;font-weight: bold;display: inline-block;line-height: 1.2em;}#sk-container-id-1 div.sk-label-container {text-align: center;}#sk-container-id-1 div.sk-container {/* jupyter's `normalize.less` sets `[hidden] { display: none; }` but bootstrap.min.css set `[hidden] { display: none !important; }` so we also need the `!important` here to be able to override the default hidden behavior on the sphinx rendered scikit-learn.org. See: https://github.com/scikit-learn/scikit-learn/issues/21755 */display: inline-block !important;position: relative;}#sk-container-id-1 div.sk-text-repr-fallback {display: none;}</style><div id=\"sk-container-id-1\" class=\"sk-top-container\"><div class=\"sk-text-repr-fallback\"><pre>TfidfVectorizer(stop_words=&#x27;english&#x27;,\n",
       "                tokenizer=&lt;function tokenize at 0x1a367cae0&gt;)</pre><b>In a Jupyter environment, please rerun this cell to show the HTML representation or trust the notebook. <br />On GitHub, the HTML representation is unable to render, please try loading this page with nbviewer.org.</b></div><div class=\"sk-container\" hidden><div class=\"sk-item\"><div class=\"sk-estimator sk-toggleable\"><input class=\"sk-toggleable__control sk-hidden--visually\" id=\"sk-estimator-id-1\" type=\"checkbox\" checked><label for=\"sk-estimator-id-1\" class=\"sk-toggleable__label sk-toggleable__label-arrow\">TfidfVectorizer</label><div class=\"sk-toggleable__content\"><pre>TfidfVectorizer(stop_words=&#x27;english&#x27;,\n",
       "                tokenizer=&lt;function tokenize at 0x1a367cae0&gt;)</pre></div></div></div></div></div>"
      ],
      "text/plain": [
       "TfidfVectorizer(stop_words='english',\n",
       "                tokenizer=<function tokenize at 0x1a367cae0>)"
      ]
     },
     "execution_count": 4,
     "metadata": {},
     "output_type": "execute_result"
    }
   ],
   "source": [
    "tfidf"
   ]
  },
  {
   "cell_type": "code",
   "execution_count": 5,
   "id": "98eaa4ca-a6d4-4122-b0ba-dc379f13a811",
   "metadata": {},
   "outputs": [
    {
     "data": {
      "text/plain": [
       "<29x20348 sparse matrix of type '<class 'numpy.float64'>'\n",
       "\twith 42880 stored elements in Compressed Sparse Row format>"
      ]
     },
     "execution_count": 5,
     "metadata": {},
     "output_type": "execute_result"
    }
   ],
   "source": [
    "tfs"
   ]
  },
  {
   "cell_type": "code",
   "execution_count": 6,
   "id": "9f057654-2dd4-4b2f-b3a6-1fc7d63912ba",
   "metadata": {},
   "outputs": [
    {
     "data": {
      "text/plain": [
       "array([[0.00472504, 0.        , 0.        , ..., 0.        , 0.        ,\n",
       "        0.        ],\n",
       "       [0.01056117, 0.        , 0.        , ..., 0.        , 0.        ,\n",
       "        0.        ],\n",
       "       [0.02124357, 0.        , 0.        , ..., 0.        , 0.        ,\n",
       "        0.00337378],\n",
       "       ...,\n",
       "       [0.        , 0.        , 0.        , ..., 0.        , 0.        ,\n",
       "        0.        ],\n",
       "       [0.00747705, 0.        , 0.        , ..., 0.        , 0.        ,\n",
       "        0.        ],\n",
       "       [0.00457502, 0.        , 0.        , ..., 0.        , 0.        ,\n",
       "        0.01198854]])"
      ]
     },
     "execution_count": 6,
     "metadata": {},
     "output_type": "execute_result"
    }
   ],
   "source": [
    "tfs.toarray()"
   ]
  },
  {
   "cell_type": "code",
   "execution_count": 24,
   "id": "6d8d23c2-a0b5-494b-9efe-77a5cdd89699",
   "metadata": {},
   "outputs": [],
   "source": [
    "\n",
    "\n",
    "\n",
    "\n",
    "\n",
    "\n",
    "\n",
    "\n",
    "\n",
    "\n",
    "\n",
    "\n",
    "\n",
    "\n",
    "\n",
    "\n",
    "\n",
    "\n",
    "\n",
    "\n",
    "\n",
    "\n"
   ]
  },
  {
   "cell_type": "code",
   "execution_count": 23,
   "id": "2a8ff74b-cec7-499a-8d38-5fada63fa64b",
   "metadata": {},
   "outputs": [
    {
     "name": "stdout",
     "output_type": "stream",
     "text": [
      "<class 'numpy.matrix'>\n",
      "<class 'numpy.ndarray'>\n",
      "None\n"
     ]
    },
    {
     "ename": "ValueError",
     "evalue": "Expected 2D array, got 1D array instead:\narray=[5.].\nReshape your data either using array.reshape(-1, 1) if your data has a single feature or array.reshape(1, -1) if it contains a single sample.",
     "output_type": "error",
     "traceback": [
      "\u001b[0;31m---------------------------------------------------------------------------\u001b[0m",
      "\u001b[0;31mValueError\u001b[0m                                Traceback (most recent call last)",
      "Cell \u001b[0;32mIn[23], line 21\u001b[0m\n\u001b[1;32m     17\u001b[0m \u001b[38;5;28mprint\u001b[39m(vectorizer\u001b[38;5;241m.\u001b[39mvocabulary)\n\u001b[1;32m     20\u001b[0m \u001b[38;5;28;01mfor\u001b[39;00m f \u001b[38;5;129;01min\u001b[39;00m features:\n\u001b[0;32m---> 21\u001b[0m     \u001b[38;5;28mprint\u001b[39m(\u001b[43meuclidean_distances\u001b[49m\u001b[43m(\u001b[49m\u001b[43mfeatures\u001b[49m\u001b[43m[\u001b[49m\u001b[38;5;241;43m0\u001b[39;49m\u001b[43m]\u001b[49m\u001b[43m,\u001b[49m\u001b[43m \u001b[49m\u001b[43mf\u001b[49m\u001b[43m)\u001b[49m )\n",
      "File \u001b[0;32m~/mambaforge/envs/algorithms/lib/python3.12/site-packages/sklearn/metrics/pairwise.py:310\u001b[0m, in \u001b[0;36meuclidean_distances\u001b[0;34m(X, Y, Y_norm_squared, squared, X_norm_squared)\u001b[0m\n\u001b[1;32m    234\u001b[0m \u001b[38;5;28;01mdef\u001b[39;00m \u001b[38;5;21meuclidean_distances\u001b[39m(\n\u001b[1;32m    235\u001b[0m     X, Y\u001b[38;5;241m=\u001b[39m\u001b[38;5;28;01mNone\u001b[39;00m, \u001b[38;5;241m*\u001b[39m, Y_norm_squared\u001b[38;5;241m=\u001b[39m\u001b[38;5;28;01mNone\u001b[39;00m, squared\u001b[38;5;241m=\u001b[39m\u001b[38;5;28;01mFalse\u001b[39;00m, X_norm_squared\u001b[38;5;241m=\u001b[39m\u001b[38;5;28;01mNone\u001b[39;00m\n\u001b[1;32m    236\u001b[0m ):\n\u001b[1;32m    237\u001b[0m \u001b[38;5;250m    \u001b[39m\u001b[38;5;124;03m\"\"\"\u001b[39;00m\n\u001b[1;32m    238\u001b[0m \u001b[38;5;124;03m    Compute the distance matrix between each pair from a vector array X and Y.\u001b[39;00m\n\u001b[1;32m    239\u001b[0m \n\u001b[0;32m   (...)\u001b[0m\n\u001b[1;32m    308\u001b[0m \u001b[38;5;124;03m           [1.41421356]])\u001b[39;00m\n\u001b[1;32m    309\u001b[0m \u001b[38;5;124;03m    \"\"\"\u001b[39;00m\n\u001b[0;32m--> 310\u001b[0m     X, Y \u001b[38;5;241m=\u001b[39m \u001b[43mcheck_pairwise_arrays\u001b[49m\u001b[43m(\u001b[49m\u001b[43mX\u001b[49m\u001b[43m,\u001b[49m\u001b[43m \u001b[49m\u001b[43mY\u001b[49m\u001b[43m)\u001b[49m\n\u001b[1;32m    312\u001b[0m     \u001b[38;5;28;01mif\u001b[39;00m X_norm_squared \u001b[38;5;129;01mis\u001b[39;00m \u001b[38;5;129;01mnot\u001b[39;00m \u001b[38;5;28;01mNone\u001b[39;00m:\n\u001b[1;32m    313\u001b[0m         X_norm_squared \u001b[38;5;241m=\u001b[39m check_array(X_norm_squared, ensure_2d\u001b[38;5;241m=\u001b[39m\u001b[38;5;28;01mFalse\u001b[39;00m)\n",
      "File \u001b[0;32m~/mambaforge/envs/algorithms/lib/python3.12/site-packages/sklearn/metrics/pairwise.py:165\u001b[0m, in \u001b[0;36mcheck_pairwise_arrays\u001b[0;34m(X, Y, precomputed, dtype, accept_sparse, force_all_finite, copy)\u001b[0m\n\u001b[1;32m    156\u001b[0m     X \u001b[38;5;241m=\u001b[39m Y \u001b[38;5;241m=\u001b[39m check_array(\n\u001b[1;32m    157\u001b[0m         X,\n\u001b[1;32m    158\u001b[0m         accept_sparse\u001b[38;5;241m=\u001b[39maccept_sparse,\n\u001b[0;32m   (...)\u001b[0m\n\u001b[1;32m    162\u001b[0m         estimator\u001b[38;5;241m=\u001b[39mestimator,\n\u001b[1;32m    163\u001b[0m     )\n\u001b[1;32m    164\u001b[0m \u001b[38;5;28;01melse\u001b[39;00m:\n\u001b[0;32m--> 165\u001b[0m     X \u001b[38;5;241m=\u001b[39m \u001b[43mcheck_array\u001b[49m\u001b[43m(\u001b[49m\n\u001b[1;32m    166\u001b[0m \u001b[43m        \u001b[49m\u001b[43mX\u001b[49m\u001b[43m,\u001b[49m\n\u001b[1;32m    167\u001b[0m \u001b[43m        \u001b[49m\u001b[43maccept_sparse\u001b[49m\u001b[38;5;241;43m=\u001b[39;49m\u001b[43maccept_sparse\u001b[49m\u001b[43m,\u001b[49m\n\u001b[1;32m    168\u001b[0m \u001b[43m        \u001b[49m\u001b[43mdtype\u001b[49m\u001b[38;5;241;43m=\u001b[39;49m\u001b[43mdtype\u001b[49m\u001b[43m,\u001b[49m\n\u001b[1;32m    169\u001b[0m \u001b[43m        \u001b[49m\u001b[43mcopy\u001b[49m\u001b[38;5;241;43m=\u001b[39;49m\u001b[43mcopy\u001b[49m\u001b[43m,\u001b[49m\n\u001b[1;32m    170\u001b[0m \u001b[43m        \u001b[49m\u001b[43mforce_all_finite\u001b[49m\u001b[38;5;241;43m=\u001b[39;49m\u001b[43mforce_all_finite\u001b[49m\u001b[43m,\u001b[49m\n\u001b[1;32m    171\u001b[0m \u001b[43m        \u001b[49m\u001b[43mestimator\u001b[49m\u001b[38;5;241;43m=\u001b[39;49m\u001b[43mestimator\u001b[49m\u001b[43m,\u001b[49m\n\u001b[1;32m    172\u001b[0m \u001b[43m    \u001b[49m\u001b[43m)\u001b[49m\n\u001b[1;32m    173\u001b[0m     Y \u001b[38;5;241m=\u001b[39m check_array(\n\u001b[1;32m    174\u001b[0m         Y,\n\u001b[1;32m    175\u001b[0m         accept_sparse\u001b[38;5;241m=\u001b[39maccept_sparse,\n\u001b[0;32m   (...)\u001b[0m\n\u001b[1;32m    179\u001b[0m         estimator\u001b[38;5;241m=\u001b[39mestimator,\n\u001b[1;32m    180\u001b[0m     )\n\u001b[1;32m    182\u001b[0m \u001b[38;5;28;01mif\u001b[39;00m precomputed:\n",
      "File \u001b[0;32m~/mambaforge/envs/algorithms/lib/python3.12/site-packages/sklearn/utils/validation.py:938\u001b[0m, in \u001b[0;36mcheck_array\u001b[0;34m(array, accept_sparse, accept_large_sparse, dtype, order, copy, force_all_finite, ensure_2d, allow_nd, ensure_min_samples, ensure_min_features, estimator, input_name)\u001b[0m\n\u001b[1;32m    936\u001b[0m     \u001b[38;5;66;03m# If input is 1D raise error\u001b[39;00m\n\u001b[1;32m    937\u001b[0m     \u001b[38;5;28;01mif\u001b[39;00m array\u001b[38;5;241m.\u001b[39mndim \u001b[38;5;241m==\u001b[39m \u001b[38;5;241m1\u001b[39m:\n\u001b[0;32m--> 938\u001b[0m         \u001b[38;5;28;01mraise\u001b[39;00m \u001b[38;5;167;01mValueError\u001b[39;00m(\n\u001b[1;32m    939\u001b[0m             \u001b[38;5;124m\"\u001b[39m\u001b[38;5;124mExpected 2D array, got 1D array instead:\u001b[39m\u001b[38;5;130;01m\\n\u001b[39;00m\u001b[38;5;124marray=\u001b[39m\u001b[38;5;132;01m{}\u001b[39;00m\u001b[38;5;124m.\u001b[39m\u001b[38;5;130;01m\\n\u001b[39;00m\u001b[38;5;124m\"\u001b[39m\n\u001b[1;32m    940\u001b[0m             \u001b[38;5;124m\"\u001b[39m\u001b[38;5;124mReshape your data either using array.reshape(-1, 1) if \u001b[39m\u001b[38;5;124m\"\u001b[39m\n\u001b[1;32m    941\u001b[0m             \u001b[38;5;124m\"\u001b[39m\u001b[38;5;124myour data has a single feature or array.reshape(1, -1) \u001b[39m\u001b[38;5;124m\"\u001b[39m\n\u001b[1;32m    942\u001b[0m             \u001b[38;5;124m\"\u001b[39m\u001b[38;5;124mif it contains a single sample.\u001b[39m\u001b[38;5;124m\"\u001b[39m\u001b[38;5;241m.\u001b[39mformat(array)\n\u001b[1;32m    943\u001b[0m         )\n\u001b[1;32m    945\u001b[0m \u001b[38;5;28;01mif\u001b[39;00m dtype_numeric \u001b[38;5;129;01mand\u001b[39;00m \u001b[38;5;28mhasattr\u001b[39m(array\u001b[38;5;241m.\u001b[39mdtype, \u001b[38;5;124m\"\u001b[39m\u001b[38;5;124mkind\u001b[39m\u001b[38;5;124m\"\u001b[39m) \u001b[38;5;129;01mand\u001b[39;00m array\u001b[38;5;241m.\u001b[39mdtype\u001b[38;5;241m.\u001b[39mkind \u001b[38;5;129;01min\u001b[39;00m \u001b[38;5;124m\"\u001b[39m\u001b[38;5;124mUSV\u001b[39m\u001b[38;5;124m\"\u001b[39m:\n\u001b[1;32m    946\u001b[0m     \u001b[38;5;28;01mraise\u001b[39;00m \u001b[38;5;167;01mValueError\u001b[39;00m(\n\u001b[1;32m    947\u001b[0m         \u001b[38;5;124m\"\u001b[39m\u001b[38;5;124mdtype=\u001b[39m\u001b[38;5;124m'\u001b[39m\u001b[38;5;124mnumeric\u001b[39m\u001b[38;5;124m'\u001b[39m\u001b[38;5;124m is not compatible with arrays of bytes/strings.\u001b[39m\u001b[38;5;124m\"\u001b[39m\n\u001b[1;32m    948\u001b[0m         \u001b[38;5;124m\"\u001b[39m\u001b[38;5;124mConvert your data to numeric values explicitly instead.\u001b[39m\u001b[38;5;124m\"\u001b[39m\n\u001b[1;32m    949\u001b[0m     )\n",
      "\u001b[0;31mValueError\u001b[0m: Expected 2D array, got 1D array instead:\narray=[5.].\nReshape your data either using array.reshape(-1, 1) if your data has a single feature or array.reshape(1, -1) if it contains a single sample."
     ]
    }
   ],
   "source": [
    "from sklearn.feature_extraction.text import CountVectorizer\n",
    "from sklearn.metrics.pairwise import euclidean_distances\n",
    "import numpy as np\n",
    "\n",
    "text_files = 'test-txt-search/'\n",
    "\n",
    "my_files = [open(text_files + f, encoding=\"utf-8\").read() for f in os.listdir(text_files)]\n",
    "\n",
    "\n",
    "\n",
    "vectorizer = CountVectorizer()\n",
    "features = vectorizer.fit_transform(my_files).todense()\n",
    "print(type(features))\n",
    "features = np.ravel(features)\n",
    "print(type(features))\n",
    "features = features.reshape(-1, 1)\n",
    "print(vectorizer.vocabulary)\n",
    "\n",
    "\n",
    "for f in features:\n",
    "    print(euclidean_distances(features[0], f) )\n",
    "\n",
    "\n",
    "\n",
    "\n"
   ]
  },
  {
   "cell_type": "code",
   "execution_count": 20,
   "id": "8934987b-a66e-4ab4-97e6-d9ac2b26e918",
   "metadata": {
    "scrolled": true
   },
   "outputs": [
    {
     "data": {
      "text/plain": [
       "array([[1.        , 0.45796436, 0.38054368, 0.53336731, 0.35163531,\n",
       "        0.50066485, 0.48392548, 0.38773982, 0.39807556, 0.46231201,\n",
       "        0.4491752 , 0.47036461, 0.45656694, 0.52675202, 0.40217485,\n",
       "        0.51862055, 0.45039195, 0.4867068 , 0.43578735, 0.47871998,\n",
       "        0.46710477, 0.40240653, 0.39713527, 0.38403346, 0.39071106,\n",
       "        0.39906123, 0.37946456, 0.3574044 , 0.44429348],\n",
       "       [0.45796436, 1.        , 0.4223986 , 0.64511004, 0.44592726,\n",
       "        0.55438792, 0.50651414, 0.48098081, 0.44537114, 0.48729242,\n",
       "        0.55811798, 0.522876  , 0.52816706, 0.54279441, 0.51558293,\n",
       "        0.53740693, 0.54928577, 0.53797214, 0.49095306, 0.46340212,\n",
       "        0.51920259, 0.52263881, 0.48641214, 0.48813257, 0.4263046 ,\n",
       "        0.49950029, 0.45758097, 0.43958291, 0.50476807],\n",
       "       [0.38054368, 0.4223986 , 1.        , 0.51650739, 0.36882628,\n",
       "        0.47101217, 0.48816395, 0.35354589, 0.3657146 , 0.47733872,\n",
       "        0.42349398, 0.45574767, 0.44452676, 0.37977091, 0.35540749,\n",
       "        0.48062623, 0.46429046, 0.47569856, 0.41490541, 0.40642575,\n",
       "        0.43506919, 0.36830871, 0.36631607, 0.35316422, 0.34862901,\n",
       "        0.35055207, 0.33563895, 0.33261941, 0.42810493],\n",
       "       [0.53336731, 0.64511004, 0.51650739, 1.        , 0.49308764,\n",
       "        0.67194037, 0.64124714, 0.52385902, 0.50236029, 0.58976278,\n",
       "        0.62277812, 0.61797621, 0.62750448, 0.57496722, 0.55227015,\n",
       "        0.65432683, 0.63999231, 0.65212942, 0.58019154, 0.56139653,\n",
       "        0.61237708, 0.56696654, 0.52431176, 0.52715027, 0.48777169,\n",
       "        0.53486187, 0.52848118, 0.50404279, 0.59459902],\n",
       "       [0.35163531, 0.44592726, 0.36882628, 0.49308764, 1.        ,\n",
       "        0.42530911, 0.41129146, 0.4016462 , 0.34258115, 0.39352408,\n",
       "        0.56238512, 0.40478554, 0.41587179, 0.42796825, 0.44497172,\n",
       "        0.42426521, 0.4925176 , 0.40985275, 0.38258978, 0.35667789,\n",
       "        0.39459066, 0.46245412, 0.40935565, 0.36673865, 0.33678913,\n",
       "        0.40484457, 0.47961129, 0.37506536, 0.39631113],\n",
       "       [0.50066485, 0.55438792, 0.47101217, 0.67194037, 0.42530911,\n",
       "        1.        , 0.6047722 , 0.46103962, 0.45321311, 0.55732036,\n",
       "        0.5590957 , 0.62360333, 0.57895226, 0.5005926 , 0.46190608,\n",
       "        0.64276055, 0.56425372, 0.68243688, 0.54307926, 0.54616534,\n",
       "        0.59538942, 0.48103088, 0.47431653, 0.45613232, 0.46972339,\n",
       "        0.45405147, 0.45066532, 0.45191963, 0.56302504],\n",
       "       [0.48392548, 0.50651414, 0.48816395, 0.64124714, 0.41129146,\n",
       "        0.6047722 , 1.        , 0.44474898, 0.43749061, 0.63823351,\n",
       "        0.52391242, 0.58653451, 0.5743269 , 0.47493035, 0.42351059,\n",
       "        0.62884243, 0.54098265, 0.60928072, 0.52244297, 0.52713966,\n",
       "        0.55844799, 0.45549829, 0.44594516, 0.4378106 , 0.43923517,\n",
       "        0.44138901, 0.42931484, 0.41090837, 0.53749906],\n",
       "       [0.38773982, 0.48098081, 0.35354589, 0.52385902, 0.4016462 ,\n",
       "        0.46103962, 0.44474898, 1.        , 0.36568442, 0.4243831 ,\n",
       "        0.48933778, 0.43789528, 0.4386638 , 0.45133896, 0.46514615,\n",
       "        0.45272734, 0.47490815, 0.44663686, 0.41291464, 0.39416462,\n",
       "        0.4230752 , 0.43464589, 0.41023902, 0.39829878, 0.35490118,\n",
       "        0.41138254, 0.42327174, 0.38053007, 0.42515119],\n",
       "       [0.39807556, 0.44537114, 0.3657146 , 0.50236029, 0.34258115,\n",
       "        0.45321311, 0.43749061, 0.36568442, 1.        , 0.4186331 ,\n",
       "        0.42559048, 0.43794932, 0.41605086, 0.39428522, 0.39620296,\n",
       "        0.45733873, 0.43234652, 0.43496839, 0.40971268, 0.39735688,\n",
       "        0.41289702, 0.37908014, 0.38909142, 0.36378764, 0.35924297,\n",
       "        0.37840261, 0.35053168, 0.34369035, 0.42770437],\n",
       "       [0.46231201, 0.48729242, 0.47733872, 0.58976278, 0.39352408,\n",
       "        0.55732036, 0.63823351, 0.4243831 , 0.4186331 , 1.        ,\n",
       "        0.48570291, 0.54564469, 0.55382585, 0.44793719, 0.4042127 ,\n",
       "        0.55914338, 0.51602835, 0.56070305, 0.48958311, 0.49281011,\n",
       "        0.52302267, 0.42696606, 0.4387292 , 0.41422944, 0.42236295,\n",
       "        0.41941714, 0.39751336, 0.38677247, 0.50184066],\n",
       "       [0.4491752 , 0.55811798, 0.42349398, 0.62277812, 0.56238512,\n",
       "        0.5590957 , 0.52391242, 0.48933778, 0.42559048, 0.48570291,\n",
       "        1.        , 0.5177527 , 0.51348962, 0.52077461, 0.56296825,\n",
       "        0.54146079, 0.58915414, 0.54735823, 0.47840534, 0.46279253,\n",
       "        0.50099626, 0.55647788, 0.48620317, 0.45812129, 0.41018317,\n",
       "        0.47525079, 0.54583201, 0.49920714, 0.49103208],\n",
       "       [0.47036461, 0.522876  , 0.45574767, 0.61797621, 0.40478554,\n",
       "        0.62360333, 0.58653451, 0.43789528, 0.43794932, 0.54564469,\n",
       "        0.5177527 , 1.        , 0.54556577, 0.45354533, 0.42211169,\n",
       "        0.61914608, 0.53897829, 0.6285827 , 0.53167806, 0.56865245,\n",
       "        0.57132356, 0.44182352, 0.43481812, 0.43500433, 0.43423665,\n",
       "        0.41536247, 0.40749089, 0.40973158, 0.55390637],\n",
       "       [0.45656694, 0.52816706, 0.44452676, 0.62750448, 0.41587179,\n",
       "        0.57895226, 0.5743269 , 0.4386638 , 0.41605086, 0.55382585,\n",
       "        0.51348962, 0.54556577, 1.        , 0.47847817, 0.44007337,\n",
       "        0.56296171, 0.55188923, 0.57441267, 0.49857479, 0.4818593 ,\n",
       "        0.53301254, 0.45946246, 0.43982582, 0.43495254, 0.421087  ,\n",
       "        0.45337416, 0.43047018, 0.40266261, 0.51022188],\n",
       "       [0.52675202, 0.54279441, 0.37977091, 0.57496722, 0.42796825,\n",
       "        0.5005926 , 0.47493035, 0.45133896, 0.39428522, 0.44793719,\n",
       "        0.52077461, 0.45354533, 0.47847817, 1.        , 0.48318161,\n",
       "        0.49194965, 0.50569318, 0.47807067, 0.43510964, 0.42438469,\n",
       "        0.45265663, 0.46765413, 0.44613989, 0.42002005, 0.38580224,\n",
       "        0.43764325, 0.47019533, 0.46834479, 0.44012349],\n",
       "       [0.40217485, 0.51558293, 0.35540749, 0.55227015, 0.44497172,\n",
       "        0.46190608, 0.42351059, 0.46514615, 0.39620296, 0.4042127 ,\n",
       "        0.56296825, 0.42211169, 0.44007337, 0.48318161, 1.        ,\n",
       "        0.4480068 , 0.51132054, 0.43600091, 0.41282763, 0.39864316,\n",
       "        0.41108596, 0.4887434 , 0.46116138, 0.42404255, 0.35806195,\n",
       "        0.4405086 , 0.48488203, 0.44778703, 0.42805038],\n",
       "       [0.51862055, 0.53740693, 0.48062623, 0.65432683, 0.42426521,\n",
       "        0.64276055, 0.62884243, 0.45272734, 0.45733873, 0.55914338,\n",
       "        0.54146079, 0.61914608, 0.56296171, 0.49194965, 0.4480068 ,\n",
       "        1.        , 0.56070837, 0.64608837, 0.58245117, 0.59501916,\n",
       "        0.61127767, 0.46882365, 0.48933924, 0.44019175, 0.48973398,\n",
       "        0.44207995, 0.4371469 , 0.43512205, 0.56839943],\n",
       "       [0.45039195, 0.54928577, 0.46429046, 0.63999231, 0.4925176 ,\n",
       "        0.56425372, 0.54098265, 0.47490815, 0.43234652, 0.51602835,\n",
       "        0.58915414, 0.53897829, 0.55188923, 0.50569318, 0.51132054,\n",
       "        0.56070837, 1.        , 0.57855795, 0.48924381, 0.4771513 ,\n",
       "        0.53102522, 0.54576915, 0.45873132, 0.45361658, 0.41907357,\n",
       "        0.46440246, 0.49109995, 0.44694423, 0.51328703],\n",
       "       [0.4867068 , 0.53797214, 0.47569856, 0.65212942, 0.40985275,\n",
       "        0.68243688, 0.60928072, 0.44663686, 0.43496839, 0.56070305,\n",
       "        0.54735823, 0.6285827 , 0.57441267, 0.47807067, 0.43600091,\n",
       "        0.64608837, 0.57855795, 1.        , 0.54873232, 0.53409295,\n",
       "        0.59978748, 0.46058503, 0.44712276, 0.43889341, 0.45403689,\n",
       "        0.42348003, 0.4179985 , 0.43615065, 0.55891361],\n",
       "       [0.43578735, 0.49095306, 0.41490541, 0.58019154, 0.38258978,\n",
       "        0.54307926, 0.52244297, 0.41291464, 0.40971268, 0.48958311,\n",
       "        0.47840534, 0.53167806, 0.49857479, 0.43510964, 0.41282763,\n",
       "        0.58245117, 0.48924381, 0.54873232, 1.        , 0.4743578 ,\n",
       "        0.58511321, 0.42367722, 0.42331862, 0.40223526, 0.41015494,\n",
       "        0.40821282, 0.39401919, 0.3766607 , 0.49299939],\n",
       "       [0.47871998, 0.46340212, 0.40642575, 0.56139653, 0.35667789,\n",
       "        0.54616534, 0.52713966, 0.39416462, 0.39735688, 0.49281011,\n",
       "        0.46279253, 0.56865245, 0.4818593 , 0.42438469, 0.39864316,\n",
       "        0.59501916, 0.4771513 , 0.53409295, 0.4743578 , 1.        ,\n",
       "        0.52092656, 0.40761967, 0.40675051, 0.38990346, 0.39551881,\n",
       "        0.39405754, 0.37880267, 0.37258576, 0.46981168],\n",
       "       [0.46710477, 0.51920259, 0.43506919, 0.61237708, 0.39459066,\n",
       "        0.59538942, 0.55844799, 0.4230752 , 0.41289702, 0.52302267,\n",
       "        0.50099626, 0.57132356, 0.53301254, 0.45265663, 0.41108596,\n",
       "        0.61127767, 0.53102522, 0.59978748, 0.58511321, 0.52092656,\n",
       "        1.        , 0.43555982, 0.43514862, 0.42073102, 0.42614236,\n",
       "        0.41363096, 0.40435132, 0.4053675 , 0.51975874],\n",
       "       [0.40240653, 0.52263881, 0.36830871, 0.56696654, 0.46245412,\n",
       "        0.48103088, 0.45549829, 0.43464589, 0.37908014, 0.42696606,\n",
       "        0.55647788, 0.44182352, 0.45946246, 0.46765413, 0.4887434 ,\n",
       "        0.46882365, 0.54576915, 0.46058503, 0.42367722, 0.40761967,\n",
       "        0.43555982, 1.        , 0.42804322, 0.40733882, 0.36900563,\n",
       "        0.44406731, 0.47610878, 0.41913647, 0.42960532],\n",
       "       [0.39713527, 0.48641214, 0.36631607, 0.52431176, 0.40935565,\n",
       "        0.47431653, 0.44594516, 0.41023902, 0.38909142, 0.4387292 ,\n",
       "        0.48620317, 0.43481812, 0.43982582, 0.44613989, 0.46116138,\n",
       "        0.48933924, 0.45873132, 0.44712276, 0.42331862, 0.40675051,\n",
       "        0.43514862, 0.42804322, 1.        , 0.3932914 , 0.41824981,\n",
       "        0.41623872, 0.42155301, 0.36911681, 0.44636395],\n",
       "       [0.38403346, 0.48813257, 0.35316422, 0.52715027, 0.36673865,\n",
       "        0.45613232, 0.4378106 , 0.39829878, 0.36378764, 0.41422944,\n",
       "        0.45812129, 0.43500433, 0.43495254, 0.42002005, 0.42404255,\n",
       "        0.44019175, 0.45361658, 0.43889341, 0.40223526, 0.38990346,\n",
       "        0.42073102, 0.40733882, 0.3932914 , 1.        , 0.34101471,\n",
       "        0.41299064, 0.38252345, 0.34794891, 0.42545352],\n",
       "       [0.39071106, 0.4263046 , 0.34862901, 0.48777169, 0.33678913,\n",
       "        0.46972339, 0.43923517, 0.35490118, 0.35924297, 0.42236295,\n",
       "        0.41018317, 0.43423665, 0.421087  , 0.38580224, 0.35806195,\n",
       "        0.48973398, 0.41907357, 0.45403689, 0.41015494, 0.39551881,\n",
       "        0.42614236, 0.36900563, 0.41824981, 0.34101471, 1.        ,\n",
       "        0.35893459, 0.34798816, 0.32873701, 0.42251136],\n",
       "       [0.39906123, 0.49950029, 0.35055207, 0.53486187, 0.40484457,\n",
       "        0.45405147, 0.44138901, 0.41138254, 0.37840261, 0.41941714,\n",
       "        0.47525079, 0.41536247, 0.45337416, 0.43764325, 0.4405086 ,\n",
       "        0.44207995, 0.46440246, 0.42348003, 0.40821282, 0.39405754,\n",
       "        0.41363096, 0.44406731, 0.41623872, 0.41299064, 0.35893459,\n",
       "        1.        , 0.43017002, 0.35672734, 0.41828247],\n",
       "       [0.37946456, 0.45758097, 0.33563895, 0.52848118, 0.47961129,\n",
       "        0.45066532, 0.42931484, 0.42327174, 0.35053168, 0.39751336,\n",
       "        0.54583201, 0.40749089, 0.43047018, 0.47019533, 0.48488203,\n",
       "        0.4371469 , 0.49109995, 0.4179985 , 0.39401919, 0.37880267,\n",
       "        0.40435132, 0.47610878, 0.42155301, 0.38252345, 0.34798816,\n",
       "        0.43017002, 1.        , 0.40696022, 0.39712464],\n",
       "       [0.3574044 , 0.43958291, 0.33261941, 0.50404279, 0.37506536,\n",
       "        0.45191963, 0.41090837, 0.38053007, 0.34369035, 0.38677247,\n",
       "        0.49920714, 0.40973158, 0.40266261, 0.46834479, 0.44778703,\n",
       "        0.43512205, 0.44694423, 0.43615065, 0.3766607 , 0.37258576,\n",
       "        0.4053675 , 0.41913647, 0.36911681, 0.34794891, 0.32873701,\n",
       "        0.35672734, 0.40696022, 1.        , 0.38209847],\n",
       "       [0.44429348, 0.50476807, 0.42810493, 0.59459902, 0.39631113,\n",
       "        0.56302504, 0.53749906, 0.42515119, 0.42770437, 0.50184066,\n",
       "        0.49103208, 0.55390637, 0.51022188, 0.44012349, 0.42805038,\n",
       "        0.56839943, 0.51328703, 0.55891361, 0.49299939, 0.46981168,\n",
       "        0.51975874, 0.42960532, 0.44636395, 0.42545352, 0.42251136,\n",
       "        0.41828247, 0.39712464, 0.38209847, 1.        ]])"
      ]
     },
     "execution_count": 20,
     "metadata": {},
     "output_type": "execute_result"
    }
   ],
   "source": [
    "from sklearn.feature_extraction.text import TfidfVectorizer\n",
    "import os\n",
    "\n",
    "text_files = 'test-txt-search/'\n",
    "\n",
    "documents = [open(text_files + f).read() for f in os.listdir(text_files)]\n",
    "\n",
    "tfidf2 = TfidfVectorizer().fit_transform(documents)\n",
    "pairwise_similarity = tfidf2 * tfidf2.T\n",
    "pairwise_similarity.toarray()\n",
    "\n"
   ]
  },
  {
   "cell_type": "code",
   "execution_count": 21,
   "id": "592d963e-ff06-4859-aa83-513e5d32c126",
   "metadata": {},
   "outputs": [
    {
     "ename": "ValueError",
